WINDOW:
560	500
POINTS:
0	47	29
1	58	45
2	83	44
3	94	29
4	105	10
LINES:
0	19	151
1	88	120
2	82	140
3	158	152
4	50	160
5	122	179
LINE_STRIP:
0	246	148
1	322	183
2	304	160
3	258	168
4	253	180
LINE_LOOP:
0	438	137
1	463	174
2	531	174
3	512	136
4	494	166
5	469	116
POLYGON:
0	56	279
1	111	267
2	100	300
3	46	321
4	41	301
QUADS:
0	210	284
1	270	290
2	270	254
3	224	260
4	300	315
5	323	315
6	347	243
7	305	261
QUAD_STRIP:
0	442	302
1	435	268
2	473	302
3	473	266
4	512	293
5	494	259
TRIANGLES:
0	23	463
1	23	432
2	63	463
3	92	449
4	38	407
5	146	407
TRIANGLE_STRIP:
0	225	385
1	225	439
2	278	385
3	306	439
4	324	385
TRIANGLE_FAN:
0	464	429
1	464	380
2	501	392
3	511	423
4	508	451